255 255 255 255 255 255 255 255 255 255 255 255 255 255 255 255
255 255 255 255 255 255 255 255 255 255 255 255 255 255 255 255
255 255 255 255 255 255 255 255 255 255 255 255 255 255 255 255
255 255 255 255 255 255 255 255 255 255 255 255 255 255 255 255
255 255 255 255 255 255 255 255 255 255 255 255 255 255 255 255
255 255 255 255 255 255 255 255 255 255 255 255 255 255 255 255
255 255 255   0 255 255   0   0 255 235 255 255   0 255 255 255
255 255   0   0 255 255   0 255 255 235 255 255   0   0 255 255
255 255   0   0 151 255 255 255  67 235 255  67   0   0 255 255
255 235 255 255   0 255   0   0 255 235 255   0 255 255 253 255
255 255 255 255 255 255 255 255 255 255 255 255 255 255 255 255
255 255 255 255 255 255 255 255 255 255 255 255 255 255 255 255
255 255 255 255 255 255 255 255 255 255 255 255 255 255 255 255
255 255 255 255 255 255 255 255 255 255 255 255 255 255 255 255
255 255 255 255 255 255 255 255 255 255 255 255 255 255 255 255
255 255 255 255 255 255 255 255 255 255 255 255 255 255 255 255
255 255 255 255 255 255 255 255 255 255 255 255 255 255 255 255
255 255 255 255 255 255 255 255 255 255 255 255 255 255 255 255
255 255 255 255 255 255 255 255 255 255 255 255 255 255 255 255
255 255 255 255 255 255 255 255 255 255 255 255 255 255 255 255
255 255 255 255 255 255 255 255 255 255 255 255 255 255 255 255
255 255 255 255 255 255 255 255 255 255 255 255 255 255 255 255
255 255 255   0 255 255   0   0 255 235 255 255   0 255 255 255
255 255   0   0 255 255   0 255 255 235 255 255   0   0 255 255
255 255   0   0 151 255 255 255  67 235 255  67   0   0 255 255
255 235 255 255   0 255   0   0 255 235 255   0 255 255 253 255
255 255 255 255 255 255 255 255 255 255 255 255 255 255 255 255
255 255 255 255 255 255 255 255 255 255 255 255 255 255 255 255
255 255 255 255 255 255 255 255 255 255 255 255 255 255 255 255
255 255 255 255 255 255 255 255 255 255 255 255 255 255 255 255
255 255 255 255 255 255 255 255 255 255 255 255 255 255 255 255
255 255 255 255 255 255 255 255 255 255 255 255 255 255 255 255
255 255 255 255 255 255 255 255 255 255 255 255 255 255 255 255
255 255 255 255 255 255 255 255 255 255 255 255 255 255 255 255
255 255 255 255 255 255 255 255 255 255 255 255 255 255 255 255
255 255 255 255 255 255 255 255 255 255 255 255 255 255 255 255
255 255 255 255 255 255 255 255 255 255 255 255 255 255 255 255
255 255 255 255 255 255 255 255 255 255 255 255 255 255 255 255
255 255 255   0 255 255   0   0 255 235 255 255   0 255 255 255
255 255   0   0 255 255   0 255 255 235 255 255   0   0 255 255
255 255   0   0 151 255 255 255  67 235 255  67   0   0 255 255
255 235 255 255   0 255   0   0 255 235 255   0 255 255 253 255
255 255 255 255 255 255 255 255 255 255 255 255 255 255 255 255
255 255 255 255 255 255 255 255 255 255 255 255 255 255 255 255
255 255 255 255 255 255 255 255 255 255 255 255 255 255 255 255
255 255 255 255 255 255 255 255 255 255 255 255 255 255 255 255
255 255 255 255 255 255 255 255 255 255 255 255 255 255 255 255
255 255 255 255 255 255 255 255 255 255 255 255 255 255 255 255

255 255 255 255 255 255 255 255 255 255 255 255 255 255 255 255
255 255 255 255 255 255 255 255 255 253 255 255 255 255 255 255
255 255 255 255 255 255 255   0   0 255 255 255 255 255 255 255
255 255 255 255 255 255   0   0   0 255 255 255 255 255 255 255
255 255 255 255 255 255 255 255  67   0 255 255 255 255 255 255
255 255 255 255 255 255 255 255 255 255 255 255 255 255 255 255
255 255 255 255 255 255 235 235 235 235 255 255 255 255 255 255
255 255 255 255 255 255 255 255  67 255 255 255 255 255 255 255
255 255 255 255 255 255   0 255 255   0 255 255 255 255 255 255
255 255 255 255 255 255   0   0 255   0 255 255 255 255 255 255
255 255 255 255 255 255 255 255 255 255 255 255 255 255 255 255
255 255 255 255 255 255 255 255 151   0 255 255 255 255 255 255
255 255 255 255 255 255   0   0   0 255 255 255 255 255 255 255
255 255 255 255 255 255 255   0   0 255 255 255 255 255 255 255
255 255 255 255 255 255 255 255 255 235 255 255 255 255 255 255
255 255 255 255 255 255 255 255 255 255 255 255 255 255 255 255
255 255 255 255 255 255 255 255 255 255 255 255 255 255 255 255
255 255 255 255 255 255 255 255 255 253 255 255 255 255 255 255
255 255 255 255 255 255 255   0   0 255 255 255 255 255 255 255
255 255 255 255 255 255   0   0   0 255 255 255 255 255 255 255
255 255 255 255 255 255 255 255  67   0 255 255 255 255 255 255
255 255 255 255 255 255 255 255 255 255 255 255 255 255 255 255
255 255 255 255 255 255 235 235 235 235 255 255 255 255 255 255
255 255 255 255 255 255 255 255  67 255 255 255 255 255 255 255
255 255 255 255 255 255   0 255 255   0 255 255 255 255 255 255
255 255 255 255 255 255   0   0 255   0 255 255 255 255 255 255
255 255 255 255 255 255 255 255 255 255 255 255 255 255 255 255
255 255 255 255 255 255 255 255 151   0 255 255 255 255 255 255
255 255 255 255 255 255   0   0   0 255 255 255 255 255 255 255
255 255 255 255 255 255 255   0   0 255 255 255 255 255 255 255
255 255 255 255 255 255 255 255 255 235 255 255 255 255 255 255
255 255 255 255 255 255 255 255 255 255 255 255 255 255 255 255
255 255 255 255 255 255 255 255 255 255 255 255 255 255 255 255
255 255 255 255 255 255 255 255 255 253 255 255 255 255 255 255
255 255 255 255 255 255 255   0   0 255 255 255 255 255 255 255
255 255 255 255 255 255   0   0   0 255 255 255 255 255 255 255
255 255 255 255 255 255 255 255  67   0 255 255 255 255 255 255
255 255 255 255 255 255 255 255 255 255 255 255 255 255 255 255
255 255 255 255 255 255 235 235 235 235 255 255 255 255 255 255
255 255 255 255 255 255 255 255  67 255 255 255 255 255 255 255
255 255 255 255 255 255   0 255 255   0 255 255 255 255 255 255
255 255 255 255 255 255   0   0 255   0 255 255 255 255 255 255
255 255 255 255 255 255 255 255 255 255 255 255 255 255 255 255
255 255 255 255 255 255 255 255 151   0 255 255 255 255 255 255
255 255 255 255 255 255   0   0   0 255 255 255 255 255 255 255
255 255 255 255 255 255 255   0   0 255 255 255 255 255 255 255
255 255 255 255 255 255 255 255 255 235 255 255 255 255 255 255
255 255 255 255 255 255 255 255 255 255 255 255 255 255 255 255

255 255 255 255 255 255 255 255 255 255 255 255 255 255 255 255
255 255 255 255 255 255 255 255 255 255 255 255 255 255 255 255
255 255 255 255 255 255 255 255 255 255 255 255 255 255 255 255
255 255 255 255 255 255 255 255 255 255 255 255 255 255 255 255
255 255 255 255 255 255 255 255 255 255 255 255 255 255 255 255
255 253 254 255 252 254 253 255 250 252 255 252 255 254 253 255
255 138 180 238  47 216 140 217  24  25 236  46 236 188 135 255
255 221  16  49 113 215 136 125 167 224 234 124  45  18 215 255
255 254  86 103 242 215 136 247 185  35 226 248  90  82 254 255
255 255 186  65 255 216 141 236  24  27 240 255  75 176 255 255
255 255 254 253 255 254 253 255 251 252 255 255 253 254 255 255
255 255 255 255 255 255 255 255 255 255 255 255 255 255 255 255
255 255 255 255 255 255 255 255 255 255 255 255 255 255 255 255
255 255 255 255 255 255 255 255 255 255 255 255 255 255 255 255
255 255 255 255 255 255 255 255 255 255 255 255 255 255 255 255
255 255 255 255 255 255 255 255 255 255 255 255 255 255 255 255
255 255 255 255 255 255 255 255 255 255 255 255 255 255 255 255
255 255 255 255 255 255 255 255 255 255 255 255 255 255 255 255
255 255 255 255 255 255 255 255 255 255 255 255 255 255 255 255
255 255 255 255 255 255 255 255 255 255 255 255 255 255 255 255
255 255 255 255 255 255 255 255 255 255 255 255 255 255 255 255
255 253 254 255 252 254 253 255 250 252 255 252 255 254 253 255
255 138 180 238  47 216 140 217  24  25 236  46 236 188 135 255
255 221  16  49 113 215 136 125 167 224 234 124  45  18 215 255
255 254  86 103 242 215 136 247 185  35 226 248  90  82 254 255
255 255 186  65 255 216 141 236  24  27 240 255  75 176 255 255
255 255 254 253 255 254 253 255 251 252 255 255 253 254 255 255
255 255 255 255 255 255 255 255 255 255 255 255 255 255 255 255
255 255 255 255 255 255 255 255 255 255 255 255 255 255 255 255
255 255 255 255 255 255 255 255 255 255 255 255 255 255 255 255
255 255 255 255 255 255 255 255 255 255 255 255 255 255 255 255
255 255 255 255 255 255 255 255 255 255 255 255 255 255 255 255
255 255 255 255 255 255 255 255 255 255 255 255 255 255 255 255
255 255 255 255 255 255 255 255 255 255 255 255 255 255 255 255
255 255 255 255 255 255 255 255 255 255 255 255 255 255 255 255
255 255 255 255 255 255 255 255 255 255 255 255 255 255 255 255
255 255 255 255 255 255 255 255 255 255 255 255 255 255 255 255
255 253 254 255 252 254 253 255 250 252 255 252 255 254 253 255
255 138 180 238  47 216 140 217  24  25 236  46 236 188 135 255
255 221  16  49 113 215 136 125 167 224 234 124  45  18 215 255
255 254  86 103 242 215 136 247 185  35 226 248  90  82 254 255
255 255 186  65 255 216 141 236  24  27 240 255  75 176 255 255
255 255 254 253 255 254 253 255 251 252 255 255 253 254 255 255
255 255 255 255 255 255 255 255 255 255 255 255 255 255 255 255
255 255 255 255 255 255 255 255 255 255 255 255 255 255 255 255
255 255 255 255 255 255 255 255 255 255 255 255 255 255 255 255
255 255 255 255 255 255 255 255 255 255 255 255 255 255 255 255
255 255 255 255 255 255 255 255 255 255 255 255 255 255 255 255

255 255 255 255 255 255 255 255 255 255 255 255 255 255 255 255
255 255 255 255 255 253 135 215 254 255 255 255 255 255 255 255
255 255 255 255 255 254 188  18  82 176 254 255 255 255 255 255
255 255 255 255 255 255 236  45  90  75 253 255 255 255 255 255
255 255 255 255 255 252  46 124 248 255 255 255 255 255 255 255
255 255 255 255 255 255 236 234 226 240 255 255 255 255 255 255
255 255 255 255 255 252  25 224  35  27 252 255 255 255 255 255
255 255 255 255 255 250  24 167 185  24 251 255 255 255 255 255
255 255 255 255 255 255 217 125 247 236 255 255 255 255 255 255
255 255 255 255 255 253 140 136 136 141 253 255 255 255 255 255
255 255 255 255 255 254 216 215 215 216 254 255 255 255 255 255
255 255 255 255 255 252  47 113 242 255 255 255 255 255 255 255
255 255 255 255 255 255 238  49 103  65 253 255 255 255 255 255
255 255 255 255 255 254 180  16  86 186 254 255 255 255 255 255
255 255 255 255 255 253 138 221 254 255 255 255 255 255 255 255
255 255 255 255 255 255 255 255 255 255 255 255 255 255 255 255
255 255 255 255 255 255 255 255 255 255 255 255 255 255 255 255
255 255 255 255 255 253 135 215 254 255 255 255 255 255 255 255
255 255 255 255 255 254 188  18  82 176 254 255 255 255 255 255
255 255 255 255 255 255 236  45  90  75 253 255 255 255 255 255
255 255 255 255 255 252  46 124 248 255 255 255 255 255 255 255
255 255 255 255 255 255 236 234 226 240 255 255 255 255 255 255
255 255 255 255 255 252  25 224  35  27 252 255 255 255 255 255
255 255 255 255 255 250  24 167 185  24 251 255 255 255 255 255
255 255 255 255 255 255 217 125 247 236 255 255 255 255 255 255
255 255 255 255 255 253 140 136 136 141 253 255 255 255 255 255
255 255 255 255 255 254 216 215 215 216 254 255 255 255 255 255
255 255 255 255 255 252  47 113 242 255 255 255 255 255 255 255
255 255 255 255 255 255 238  49 103  65 253 255 255 255 255 255
255 255 255 255 255 254 180  16  86 186 254 255 255 255 255 255
255 255 255 255 255 253 138 221 254 255 255 255 255 255 255 255
255 255 255 255 255 255 255 255 255 255 255 255 255 255 255 255
255 255 255 255 255 255 255 255 255 255 255 255 255 255 255 255
255 255 255 255 255 253 135 215 254 255 255 255 255 255 255 255
255 255 255 255 255 254 188  18  82 176 254 255 255 255 255 255
255 255 255 255 255 255 236  45  90  75 253 255 255 255 255 255
255 255 255 255 255 252  46 124 248 255 255 255 255 255 255 255
255 255 255 255 255 255 236 234 226 240 255 255 255 255 255 255
255 255 255 255 255 252  25 224  35  27 252 255 255 255 255 255
255 255 255 255 255 250  24 167 185  24 251 255 255 255 255 255
255 255 255 255 255 255 217 125 247 236 255 255 255 255 255 255
255 255 255 255 255 253 140 136 136 141 253 255 255 255 255 255
255 255 255 255 255 254 216 215 215 216 254 255 255 255 255 255
255 255 255 255 255 252  47 113 242 255 255 255 255 255 255 255
255 255 255 255 255 255 238  49 103  65 253 255 255 255 255 255
255 255 255 255 255 254 180  16  86 186 254 255 255 255 255 255
255 255 255 255 255 253 138 221 254 255 255 255 255 255 255 255
255 255 255 255 255 255 255 255 255 255 255 255 255 255 255 255
